7 2 
6 1 2017:10:21:12:00
1 1 ybs 112233 seoul yoo testpwd
2 1 yoo testpwd 
5 5
5 3 groupy
3 1 vote1 4 2017:10:21:11:05 2017:10:23:12:02
3 1 vote2 4 2017:10:23:12:00 2017:10:23:12:02
3 1 vote3 4 2017:10:23:12:00 2017:10:23:12:02
3 1 vote4 4 2017:10:23:12:00 2017:10:23:12:02
3 1 vote5 4 2017:10:23:12:02 2017:10:23:12:00 
4 1 
4 3
4 4

6 1 2017:10:23:12:01
3 1 vote5 4 2017:10:23:12:00 2017:10:23:12:02
4 1
4 3 
4 4
4 1
4 3
4 4
4 2 vote5 1
6 1 2017:10:24:11:00
4 1
4 3
4 4
6 1 2017:12:03:11:59

4 1
4 3
4 4
4 1
4 3
4 4
4 1
4 3
4 4
4 1
4 3
4 4
4 1
4 3
4 4
6 1 2017:10:23:12:00
4 1
4 3
4 4

8 1
